#group: free  frags first [ 2^0   2^1   2^2   2^3   2^4   2^5   2^6   2^7   2^8   2^9   2^10  2^11  2^12  2^13  ]
#0    : 24157 2     8610  [ 1     2     0     1     1     0     1     0     0     1     1     1     1     2     ]
#1    : 32383 1     385   [ 1     1     1     1     1     1     1     0     0     1     1     1     1     3     ]
#2    : 32768 1     0     [ 0     0     0     0     0     0     0     0     0     0     0     0     0     4     ]
#3    : 32383 1     385   [ 1     1     1     1     1     1     1     0     0     1     1     1     1     3     ]
#4    : 32768 1     0     [ 0     0     0     0     0     0     0     0     0     0     0     0     0     4     ]
#5    : 32383 1     385   [ 1     1     1     1     1     1     1     0     0     1     1     1     1     3     ]
#6    : 32768 1     0     [ 0     0     0     0     0     0     0     0     0     0     0     0     0     4     ]
#7    : 32383 1     385   [ 1     1     1     1     1     1     1     0     0     1     1     1     1     3     ]
#8    : 32768 1     0     [ 0     0     0     0     0     0     0     0     0     0     0     0     0     4     ]
#9    : 32383 1     385   [ 1     1     1     1     1     1     1     0     0     1     1     1     1     3     ]
#10   : 32768 1     0     [ 0     0     0     0     0     0     0     0     0     0     0     0     0     4     ]
#11   : 16384 1     16384 [ 0     0     0     0     0     0     0     0     0     0     0     0     0     2     ]
#12   : 32768 1     0     [ 0     0     0     0     0     0     0     0     0     0     0     0     0     4     ]
#13   : 32768 1     0     [ 0     0     0     0     0     0     0     0     0     0     0     0     0     4     ]
#14   : 32768 1     0     [ 0     0     0     0     0     0     0     0     0     0     0     0     0     4     ]
#15   : 32768 1     0     [ 0     0     0     0     0     0     0     0     0     0     0     0     0     4     ]
#16   : 28656 1     4112  [ 0     0     0     0     1     1     1     1     1     1     1     1     0     3     ]
#17   : 32768 1     0     [ 0     0     0     0     0     0     0     0     0     0     0     0     0     4     ]
#18   : 32768 1     0     [ 0     0     0     0     0     0     0     0     0     0     0     0     0     4     ]
#19   : 32768 1     0     [ 0     0     0     0     0     0     0     0     0     0     0     0     0     4     ]
#20   : 32768 1     0     [ 0     0     0     0     0     0     0     0     0     0     0     0     0     4     ]
#21   : 32768 1     0     [ 0     0     0     0     0     0     0     0     0     0     0     0     0     4     ]
#22   : 32768 1     0     [ 0     0     0     0     0     0     0     0     0     0     0     0     0     4     ]
#23   : 32768 1     0     [ 0     0     0     0     0     0     0     0     0     0     0     0     0     4     ]
