#group: free  frags first [ 2^0   2^1   2^2   2^3   2^4   2^5   2^6   2^7   2^8   2^9   2^10  2^11  2^12  2^13  ]
#0    : 23513 1     9255  [ 1     0     0     1     1     0     1     1     1     1     0     1     1     2     ]
#1    : 31743 1     1025  [ 1     1     1     1     1     1     1     1     1     1     0     1     1     3     ]
#2    : 32768 1     0     [ 0     0     0     0     0     0     0     0     0     0     0     0     0     4     ]
#3    : 31743 1     1025  [ 1     1     1     1     1     1     1     1     1     1     0     1     1     3     ]
#4    : 32768 1     0     [ 0     0     0     0     0     0     0     0     0     0     0     0     0     4     ]
#5    : 31743 1     1025  [ 1     1     1     1     1     1     1     1     1     1     0     1     1     3     ]
#6    : 32768 1     0     [ 0     0     0     0     0     0     0     0     0     0     0     0     0     4     ]
#7    : 31743 1     1025  [ 1     1     1     1     1     1     1     1     1     1     0     1     1     3     ]
#8    : 32768 1     0     [ 0     0     0     0     0     0     0     0     0     0     0     0     0     4     ]
#9    : 31743 1     1025  [ 1     1     1     1     1     1     1     1     1     1     0     1     1     3     ]
#10   : 32768 1     0     [ 0     0     0     0     0     0     0     0     0     0     0     0     0     4     ]
#11   : 32768 1     0     [ 0     0     0     0     0     0     0     0     0     0     0     0     0     4     ]
#12   : 32768 1     0     [ 0     0     0     0     0     0     0     0     0     0     0     0     0     4     ]
#13   : 32768 1     0     [ 0     0     0     0     0     0     0     0     0     0     0     0     0     4     ]
#14   : 32768 1     0     [ 0     0     0     0     0     0     0     0     0     0     0     0     0     4     ]
#15   : 32768 1     0     [ 0     0     0     0     0     0     0     0     0     0     0     0     0     4     ]
#16   : 24544 1     8224  [ 0     0     0     0     0     1     1     1     1     1     1     1     1     2     ]
#17   : 16384 1     16384 [ 0     0     0     0     0     0     0     0     0     0     0     0     0     2     ]
#18   : 32768 1     0     [ 0     0     0     0     0     0     0     0     0     0     0     0     0     4     ]
#19   : 32768 1     0     [ 0     0     0     0     0     0     0     0     0     0     0     0     0     4     ]
#20   : 32768 1     0     [ 0     0     0     0     0     0     0     0     0     0     0     0     0     4     ]
#21   : 32768 1     0     [ 0     0     0     0     0     0     0     0     0     0     0     0     0     4     ]
#22   : 32768 1     0     [ 0     0     0     0     0     0     0     0     0     0     0     0     0     4     ]
#23   : 32768 1     0     [ 0     0     0     0     0     0     0     0     0     0     0     0     0     4     ]
#24   : 32768 1     0     [ 0     0     0     0     0     0     0     0     0     0     0     0     0     4     ]
#25   : 31743 1     1025  [ 1     1     1     1     1     1     1     1     1     1     0     1     1     3     ]
#26   : 32768 1     0     [ 0     0     0     0     0     0     0     0     0     0     0     0     0     4     ]
#27   : 31743 1     1025  [ 1     1     1     1     1     1     1     1     1     1     0     1     1     3     ]
#28   : 32768 1     0     [ 0     0     0     0     0     0     0     0     0     0     0     0     0     4     ]
#29   : 32768 1     0     [ 0     0     0     0     0     0     0     0     0     0     0     0     0     4     ]
#30   : 32768 1     0     [ 0     0     0     0     0     0     0     0     0     0     0     0     0     4     ]
#31   : 32768 1     0     [ 0     0     0     0     0     0     0     0     0     0     0     0     0     4     ]
#32   : 24544 1     8224  [ 0     0     0     0     0     1     1     1     1     1     1     1     1     2     ]
#33   : 32768 1     0     [ 0     0     0     0     0     0     0     0     0     0     0     0     0     4     ]
#34   : 32768 1     0     [ 0     0     0     0     0     0     0     0     0     0     0     0     0     4     ]
#35   : 32768 1     0     [ 0     0     0     0     0     0     0     0     0     0     0     0     0     4     ]
#36   : 32768 1     0     [ 0     0     0     0     0     0     0     0     0     0     0     0     0     4     ]
#37   : 32768 1     0     [ 0     0     0     0     0     0     0     0     0     0     0     0     0     4     ]
#38   : 32768 1     0     [ 0     0     0     0     0     0     0     0     0     0     0     0     0     4     ]
#39   : 32768 1     0     [ 0     0     0     0     0     0     0     0     0     0     0     0     0     4     ]
#40   : 32768 1     0     [ 0     0     0     0     0     0     0     0     0     0     0     0     0     4     ]
#41   : 32768 1     0     [ 0     0     0     0     0     0     0     0     0     0     0     0     0     4     ]
#42   : 32768 1     0     [ 0     0     0     0     0     0     0     0     0     0     0     0     0     4     ]
#43   : 32768 1     0     [ 0     0     0     0     0     0     0     0     0     0     0     0     0     4     ]
#44   : 32768 1     0     [ 0     0     0     0     0     0     0     0     0     0     0     0     0     4     ]
#45   : 32768 1     0     [ 0     0     0     0     0     0     0     0     0     0     0     0     0     4     ]
#46   : 32768 1     0     [ 0     0     0     0     0     0     0     0     0     0     0     0     0     4     ]
#47   : 32768 1     0     [ 0     0     0     0     0     0     0     0     0     0     0     0     0     4     ]
#48   : 24542 2     8224  [ 0     1     1     1     1     0     1     1     1     1     1     1     1     2     ]
#49   : 31743 1     1025  [ 1     1     1     1     1     1     1     1     1     1     0     1     1     3     ]
#50   : 32768 1     0     [ 0     0     0     0     0     0     0     0     0     0     0     0     0     4     ]
#51   : 32768 1     0     [ 0     0     0     0     0     0     0     0     0     0     0     0     0     4     ]
#52   : 32768 1     0     [ 0     0     0     0     0     0     0     0     0     0     0     0     0     4     ]
#53   : 32768 1     0     [ 0     0     0     0     0     0     0     0     0     0     0     0     0     4     ]
#54   : 32768 1     0     [ 0     0     0     0     0     0     0     0     0     0     0     0     0     4     ]
#55   : 32768 1     0     [ 0     0     0     0     0     0     0     0     0     0     0     0     0     4     ]
#56   : 32768 1     0     [ 0     0     0     0     0     0     0     0     0     0     0     0     0     4     ]
#57   : 32768 1     0     [ 0     0     0     0     0     0     0     0     0     0     0     0     0     4     ]
#58   : 32768 1     0     [ 0     0     0     0     0     0     0     0     0     0     0     0     0     4     ]
#59   : 32768 1     0     [ 0     0     0     0     0     0     0     0     0     0     0     0     0     4     ]
#60   : 32768 1     0     [ 0     0     0     0     0     0     0     0     0     0     0     0     0     4     ]
#61   : 32768 1     0     [ 0     0     0     0     0     0     0     0     0     0     0     0     0     4     ]
#62   : 32768 1     0     [ 0     0     0     0     0     0     0     0     0     0     0     0     0     4     ]
#63   : 32512 1     0     [ 0     0     0     0     0     0     0     0     1     1     1     1     1     3     ]
