#group: free  frags first [ 2^0   2^1   2^2   2^3   2^4   2^5   2^6   2^7   2^8   2^9   2^10  2^11  2^12  2^13  ]
#0    : 16937 18    9288  [ 19    11    8     8     4     1     1     0     1     0     0     0     0     2     ]
#1    : 7678  57    1136  [ 32    21    19    23    15    2     0     1     1     9     2     0     0     0     ]
#2    : 28896 21    0     [ 20    10    6     8     4     1     2     1     1     5     3     1     1     2     ]
#3    : 20819 34    1966  [ 13    25    19    21    12    1     3     1     2     2     0     1     2     1     ]
#4    : 19816 8     0     [ 4     2     2     1     3     1     2     3     3     4     4     0     1     1     ]
#5    : 20587 6     1925  [ 3     4     2     3     4     4     4     1     2     2     2     4     2     0     ]
#6    : 25132 21    0     [ 10    11    13    11    6     5     4     9     5     5     1     3     3     0     ]
#7    : 3423  3     1025  [ 1     3     2     2     4     2     1     3     1     3     1     0     0     0     ]
#8    : 17170 58    2048  [ 28    27    36    38    14    13    16    19    15    9     2     1     0     0     ]
#9    : 8357  65    1701  [ 33    30    38    36    19    5     13    9     5     2     1     1     0     0     ]
#10   : 8232  68    6002  [ 32    30    47    54    18    0     5     10    6     0     0     0     1     0     ]
#11   : 4542  3     27648 [ 0     1     1     1     1     1     2     2     2     1     1     1     0     0     ]
#12   : 20762 121   0     [ 72    69    78    82    38    7     5     2     1     1     1     0     0     2     ]
#13   : 6896  479   175   [ 258   273   265   301   154   1     0     1     0     0     0     0     0     0     ]
#14   : 20941 193   275   [ 109   102   115   129   58    1     0     0     1     1     1     0     0     2     ]
#15   : 18806 3     906   [ 0     1     1     2     2     2     2     1     0     0     2     2     1     1     ]
#16   : 15513 6     8225  [ 1     2     3     1     2     1     1     2     1     1     0     1     1     1     ]
#17   : 89    7     17325 [ 7     1     0     0     1     0     1     0     0     0     0     0     0     0     ]
#18   : 1469  4     1023  [ 1     2     0     1     1     1     0     1     1     0     1     0     0     0     ]
#19   : 1728  1     20800 [ 0     0     0     0     0     0     1     1     0     1     1     0     0     0     ]
#20   : 4608  3     2560  [ 0     0     0     0     0     0     0     0     0     3     3     0     0     0     ]
#21   : 22952 66    2048  [ 36    38    26    44    27    6     8     10    10    8     5     0     0     1     ]
#22   : 19480 249   246   [ 124   138   154   158   77    27    14    23    18    9     2     0     0     0     ]
#23   : 31405 33    0     [ 15    15    14    25    10    1     1     5     2     2     0     0     1     3     ]
#24   : 14340 204   4094  [ 106   109   112   114   73    3     6     8     3     2     0     0     0     1     ]
#25   : 17241 216   1025  [ 121   122   119   140   77    17    15    12    5     3     4     0     1     0     ]
#26   : 15114 209   0     [ 106   108   106   116   64    6     5     3     1     4     1     2     1     0     ]
#27   : 6186  409   1025  [ 228   225   261   254   136   2     1     1     0     0     0     0     0     0     ]
#28   : 6097  379   310   [ 193   192   220   246   109   5     4     2     1     0     0     0     0     0     ]
#29   : 30632 22    0     [ 12    12    13    14    4     7     3     4     1     1     2     1     2     2     ]
#30   : 27902 36    73    [ 22    20    10    13    11    6     5     7     4     5     2     2     2     1     ]
#31   : 32768 1     0     [ 0     0     0     0     0     0     0     0     0     0     0     0     0     4     ]
#32   : 22345 1     10423 [ 1     0     0     1     0     0     1     0     1     1     1     0     1     2     ]
#33   : 17901 307   640   [ 257   66    44    55    50    39    34    27    36    0     0     0     0     0     ]
#34   : 14523 476   29    [ 459   288   84    54    45    35    28    25    23    0     0     0     0     0     ]
#35   : 20280 372   440   [ 358   211   49    35    31    15    16    11    5     2     1     0     1     1     ]
#36   : 32560 1     208   [ 0     0     0     0     1     1     0     0     1     1     1     1     1     3     ]
#37   : 32764 2     0     [ 0     0     1     1     1     1     1     1     1     1     1     1     1     3     ]
#38   : 32768 1     0     [ 0     0     0     0     0     0     0     0     0     0     0     0     0     4     ]
#39   : 32768 1     0     [ 0     0     0     0     0     0     0     0     0     0     0     0     0     4     ]
#40   : 32768 1     0     [ 0     0     0     0     0     0     0     0     0     0     0     0     0     4     ]
#41   : 32768 1     0     [ 0     0     0     0     0     0     0     0     0     0     0     0     0     4     ]
#42   : 32768 1     0     [ 0     0     0     0     0     0     0     0     0     0     0     0     0     4     ]
#43   : 32768 1     0     [ 0     0     0     0     0     0     0     0     0     0     0     0     0     4     ]
#44   : 32768 1     0     [ 0     0     0     0     0     0     0     0     0     0     0     0     0     4     ]
#45   : 32768 1     0     [ 0     0     0     0     0     0     0     0     0     0     0     0     0     4     ]
#46   : 32768 1     0     [ 0     0     0     0     0     0     0     0     0     0     0     0     0     4     ]
#47   : 32768 1     0     [ 0     0     0     0     0     0     0     0     0     0     0     0     0     4     ]
#48   : 23106 6     8540  [ 2     0     0     4     2     2     1     1     1     2     1     0     1     2     ]
#49   : 15275 275   1046  [ 245   145   73    58    44    35    38    30    19    2     0     0     0     0     ]
#50   : 22982 320   120   [ 314   164   69    64    57    39    41    33    27    1     1     0     1     0     ]
#51   : 26916 128   0     [ 114   79    27    19    17    8     6     3     2     6     3     3     1     1     ]
#52   : 29363 1     3405  [ 1     1     0     0     1     1     0     1     0     1     0     0     1     3     ]
#53   : 32768 1     0     [ 0     0     0     0     0     0     0     0     0     0     0     0     0     4     ]
#54   : 32765 1     3     [ 1     0     1     1     1     1     1     1     1     1     1     1     1     3     ]
#55   : 14296 4     21    [ 2     1     1     2     0     2     2     0     1     1     1     2     0     1     ]
#56   : 9171  57    1244  [ 29    25    35    29    25    14    1     5     2     1     0     1     1     0     ]
#57   : 5820  230   1     [ 144   126   140   140   72    1     0     6     1     3     0     0     0     0     ]
#58   : 6672  237   1     [ 112   114   139   156   81    5     6     7     1     3     0     0     0     0     ]
#59   : 21557 161   1     [ 95    87    102   110   54    2     4     3     4     2     2     3     0     1     ]
#60   : 24598 12    231   [ 6     6     5     8     3     6     3     2     3     3     1     4     3     0     ]
#61   : 32416 17    5     [ 16    8     0     2     1     1     1     0     0     1     1     1     1     3     ]
#62   : 32768 1     0     [ 0     0     0     0     0     0     0     0     0     0     0     0     0     4     ]
#63   : 32512 1     0     [ 0     0     0     0     0     0     0     0     1     1     1     1     1     3     ]
